41.39256588196223, 2.1497583392068513
41.39504567675163, 2.156763347300649
41.397696750705734, 2.151385568191179
41.39882463317859, 2.1568989316822194
41.395814594637066, 2.1657634238995986
41.3925457601156, 2.1420620799207484
41.39894419483762, 2.1423087047447136
41.390155239869976, 2.14317783262674
41.38822344219248, 2.157168234797003
41.38564762262868, 2.1512888324459722
41.38413428104893, 2.156653250649468
41.38123629462142, 2.153520430418626
41.39488790175837, 2.1422847298064736
41.40227133420827, 2.152626679239434
41.40023478719261, 2.166836413239659
41.40158386865235, 2.15805296808103
41.39552183003023, 2.162229805666527

Tabacs:
41.397463355277814, 2.160225302498126
41.39675268534432, 2.155191242949004
41.39527431343411, 2.1487188431296937
41.39638261142662, 2.1559922811396213
41.394592274501676, 2.1562195761583944
41.392546114782746, 2.151503206198832
41.394634902144254, 2.158492525536497
41.392801888269894, 2.158094759395329
41.39344131758494, 2.161276888524672
41.39403811260419, 2.164799960060731
41.39207719410917, 2.1599131188978107
-
